Filename	HasTarget	TargetCenterX	TargetCenterY	TargetWidth	TargetHeight	TargetAngle
frame0433.jpg	1	86.196	173.538	44.290	122.067	75.323
frame0434.jpg	1	82.019	179.416	47.647	124.297	75.406
frame0435.jpg	1	79.225	185.388	49.451	127.359	74.478
frame0436.jpg	1	78.009	189.544	50.889	128.821	74.203
frame0437.jpg	1	77.173	195.617	52.776	131.193	73.732
frame0438.jpg	1	77.199	200.795	54.375	132.880	73.452
frame0439.jpg	1	76.904	205.686	55.726	134.952	73.011
frame0440.jpg	1	77.247	211.713	57.491	136.670	72.490
frame0441.jpg	1	78.396	215.257	59.036	137.477	72.298
frame0442.jpg	1	80.604	218.856	60.067	137.880	72.237
frame0443.jpg	1	82.814	219.955	60.756	138.563	72.021
frame0444.jpg	1	85.578	222.464	61.755	138.830	71.839
frame0445.jpg	1	87.390	226.989	63.306	139.832	71.479
frame0446.jpg	1	90.094	232.788	65.091	141.026	70.890
frame0447.jpg	1	92.271	236.647	66.477	141.115	70.931
frame0448.jpg	1	94.982	238.301	67.187	141.819	70.616
frame0449.jpg	1	97.629	240.014	68.431	141.992	70.656
frame0450.jpg	1	99.494	245.208	70.612	144.352	70.238
frame0451.jpg	1	99.074	256.212	74.484	148.261	68.960
frame0452.jpg	1	98.413	264.593	77.379	152.043	68.405
frame0453.jpg	1	97.368	273.885	81.117	156.205	67.474
frame0454.jpg	1	97.109	279.225	83.423	159.822	67.114
frame0455.jpg	1	96.454	281.597	84.999	162.301	67.104
frame0456.jpg	1	96.237	286.583	88.082	166.060	66.229
frame0457.jpg	1	94.319	295.229	91.626	171.658	65.192
frame0458.jpg	1	92.842	307.117	95.650	177.686	63.356
frame0459.jpg	1	90.131	321.790	102.178	186.620	61.274
frame0460.jpg	1	91.632	345.849	114.559	200.651	58.193
frame0461.jpg	1	95.057	347.931	116.296	201.417	57.986
frame0462.jpg	1	99.211	347.953	117.300	200.692	58.005
frame0463.jpg	1	104.134	346.757	117.448	198.439	58.360
frame0464.jpg	1	107.851	345.675	117.490	196.836	58.475
frame0465.jpg	1	112.195	344.527	117.263	194.438	58.737
frame0466.jpg	1	118.009	342.752	117.181	191.920	58.806
frame0467.jpg	1	130.803	334.626	114.713	184.368	60.571
frame0468.jpg	1	-1.000	-1.000	-1.000	-1.000	-1.000
frame0469.jpg	1	141.125	324.331	110.910	177.212	62.807
frame0470.jpg	1	153.191	304.305	102.944	166.943	66.389
frame0471.jpg	1	153.792	299.431	101.459	165.435	67.478
frame0472.jpg	1	153.797	295.199	99.745	163.992	67.837
frame0473.jpg	1	152.726	289.400	97.431	162.191	68.467
frame0474.jpg	1	151.608	285.702	96.318	162.041	68.631
frame0475.jpg	1	149.968	282.686	95.501	162.032	68.681
frame0476.jpg	1	147.824	282.717	95.681	163.077	68.670
frame0477.jpg	1	144.168	286.979	98.307	166.498	67.782
frame0478.jpg	1	140.154	293.144	100.833	170.393	66.873
frame0479.jpg	1	133.698	303.676	104.721	176.969	64.851
frame0480.jpg	1	128.783	311.607	108.893	182.754	63.502
frame0481.jpg	1	123.510	319.685	112.710	189.792	62.180
frame0482.jpg	1	115.698	329.881	118.178	198.757	60.527
frame0483.jpg	1	114.116	333.710	120.147	202.437	59.624
frame0484.jpg	1	100.734	361.608	133.263	223.516	56.274
frame0485.jpg	1	95.692	374.340	138.220	232.117	55.109
frame0486.jpg	1	93.223	382.052	141.189	236.357	54.670
frame0487.jpg	1	92.939	384.944	138.854	232.577	55.642
frame0488.jpg	1	90.610	395.540	148.116	245.825	52.856
frame0489.jpg	1	-1.000	-1.000	-1.000	-1.000	-1.000
frame0490.jpg	1	97.763	399.471	149.899	244.301	52.998
frame0491.jpg	1	105.098	396.192	147.530	234.352	54.511
frame0492.jpg	1	-1.000	-1.000	-1.000	-1.000	-1.000
frame0493.jpg	1	112.474	400.213	151.438	238.011	52.633
frame0494.jpg	1	116.459	399.537	151.699	235.838	52.722
frame0495.jpg	1	122.912	395.244	148.286	227.447	54.289
frame0496.jpg	1	125.858	395.984	150.050	228.877	53.374
frame0497.jpg	1	133.247	385.883	140.942	212.106	57.483
frame0498.jpg	1	-1.000	-1.000	-1.000	-1.000	-1.000
frame0499.jpg	1	137.000	387.614	144.770	217.048	55.358
frame0500.jpg	1	139.565	386.257	145.105	216.459	54.806
frame0501.jpg	1	141.772	383.126	142.626	212.279	55.590
frame0502.jpg	1	143.443	378.295	139.239	206.303	57.337
frame0503.jpg	1	-1.000	-1.000	-1.000	-1.000	-1.000
frame0504.jpg	1	158.971	179.342	110.408	164.689	68.910
frame0505.jpg	1	154.968	137.145	120.342	166.014	65.124
frame0506.jpg	1	152.561	123.386	120.692	166.114	64.960
frame0507.jpg	1	143.612	82.251	124.251	167.633	65.135
frame0508.jpg	1	138.218	61.712	127.353	168.296	63.872
frame0509.jpg	1	130.283	33.868	133.773	170.957	63.077
frame0510.jpg	1	123.299	13.366	138.652	172.803	63.672
frame0511.jpg	1	113.085	-15.646	148.983	177.604	61.968
frame0512.jpg	1	108.509	-40.452	169.312	193.354	45.173
frame0513.jpg	0	0.000	0.000	0.000	0.000	0.000
frame0514.jpg	0	0.000	0.000	0.000	0.000	0.000
frame0515.jpg	0	0.000	0.000	0.000	0.000	0.000
frame0516.jpg	0	0.000	0.000	0.000	0.000	0.000
frame0517.jpg	0	0.000	0.000	0.000	0.000	0.000
frame0518.jpg	1	-1.000	-1.000	-1.000	-1.000	-1.000
frame0519.jpg	1	75.133	-24.452	169.048	184.071	41.057
frame0520.jpg	1	75.942	-12.608	169.782	184.549	34.826
frame0521.jpg	1	77.700	-4.280	163.670	178.015	46.949
frame0522.jpg	1	80.045	0.120	163.561	178.726	43.917
frame0523.jpg	1	80.221	0.014	165.848	180.362	41.415
frame0524.jpg	1	98.303	86.521	142.349	172.888	49.289
frame0525.jpg	1	103.835	136.743	132.718	171.073	55.615
frame0526.jpg	1	105.287	138.316	132.839	170.903	56.081
frame0527.jpg	1	107.837	139.975	133.343	170.884	56.276
frame0528.jpg	1	108.975	140.540	133.530	171.125	55.826
frame0529.jpg	1	110.209	140.400	134.196	171.613	56.019
frame0530.jpg	1	111.333	139.766	134.807	172.528	56.071
frame0531.jpg	1	111.757	139.181	134.894	173.147	56.468
frame0532.jpg	1	113.292	136.984	136.196	174.149	56.642
frame0533.jpg	1	119.215	132.708	135.873	173.212	57.820
frame0534.jpg	1	125.626	128.402	135.438	172.850	57.943
frame0535.jpg	1	127.250	126.396	135.942	173.985	57.596
frame0536.jpg	1	127.880	124.316	136.195	174.833	58.164
frame0537.jpg	1	128.720	122.327	136.508	175.291	58.460
frame0538.jpg	1	129.301	120.970	136.271	175.539	59.248
frame0539.jpg	1	129.900	119.687	136.513	175.298	58.569
frame0540.jpg	1	129.945	119.197	136.122	174.990	59.025
frame0541.jpg	1	136.793	117.693	135.767	173.218	59.773
frame0542.jpg	1	146.255	117.007	136.408	172.348	60.124
frame0543.jpg	1	158.115	115.720	136.476	171.004	61.371
frame0544.jpg	1	165.353	114.512	136.149	170.207	62.091
frame0545.jpg	1	172.406	112.750	135.577	169.301	62.749
frame0546.jpg	1	176.949	110.678	135.435	168.374	63.693
frame0547.jpg	1	189.050	107.683	135.731	167.478	65.873
frame0548.jpg	1	200.140	105.198	136.192	166.450	66.568
frame0549.jpg	1	211.803	103.170	136.202	166.187	68.513
frame0550.jpg	1	230.309	98.991	135.634	164.751	71.090
frame0551.jpg	1	239.242	94.759	134.844	164.713	72.767
frame0552.jpg	1	249.996	88.775	134.454	164.170	74.929
frame0553.jpg	1	260.437	84.237	134.188	164.278	76.964
frame0554.jpg	1	272.581	78.320	133.144	163.966	79.353
frame0555.jpg	1	283.141	72.946	132.182	163.381	80.903
frame0556.jpg	1	290.298	67.590	130.258	162.575	81.990
frame0557.jpg	1	293.854	63.869	127.975	161.408	82.497
frame0558.jpg	1	295.568	49.431	124.194	159.359	82.712
frame0559.jpg	1	293.006	43.258	122.529	158.651	82.266
frame0560.jpg	1	289.984	38.162	120.405	158.068	82.498
frame0561.jpg	1	288.710	35.356	119.800	158.069	82.102
frame0562.jpg	1	276.766	17.752	112.647	157.211	82.010
frame0563.jpg	1	272.310	12.665	110.947	157.009	82.147
frame0564.jpg	1	266.921	6.122	112.187	158.277	79.948
frame0565.jpg	1	261.981	2.660	112.091	158.608	79.313
frame0566.jpg	1	255.888	1.551	108.300	157.151	80.371
frame0567.jpg	1	249.226	-1.860	110.893	158.805	78.815
frame0568.jpg	1	244.350	-0.304	107.514	158.028	78.808
frame0569.jpg	1	238.577	-0.527	111.981	159.866	76.633
frame0570.jpg	1	231.702	0.980	114.486	160.475	75.909
frame0571.jpg	1	229.186	38.062	111.541	155.898	74.193
frame0572.jpg	1	224.366	86.089	106.024	155.394	75.841
frame0573.jpg	1	220.794	89.842	107.803	155.955	74.933
frame0574.jpg	1	217.251	95.361	109.116	157.442	74.506
frame0575.jpg	1	215.347	100.584	110.745	158.222	74.135
frame0576.jpg	1	215.022	104.244	112.195	158.916	73.644
frame0577.jpg	1	215.725	108.081	113.300	159.121	73.870
frame0578.jpg	1	218.106	113.514	115.094	159.997	73.206
frame0579.jpg	1	219.985	117.629	116.462	160.257	73.380
frame0580.jpg	1	223.267	123.455	118.380	160.636	73.402
frame0581.jpg	1	225.982	128.264	119.792	160.704	72.905
frame0582.jpg	1	229.863	134.584	121.671	160.560	73.145
frame0583.jpg	1	232.829	139.071	122.674	160.662	73.284
frame0584.jpg	1	237.148	144.314	124.211	160.667	73.339
frame0585.jpg	1	240.786	147.803	125.051	160.418	73.825
frame0586.jpg	1	246.510	151.843	126.112	159.892	74.319
frame0587.jpg	1	251.279	154.181	126.407	159.525	75.018
frame0588.jpg	1	257.516	156.867	126.661	158.390	75.683
frame0589.jpg	1	263.350	158.536	126.149	157.197	76.544
frame0590.jpg	1	267.128	159.111	125.546	156.301	77.161
frame0591.jpg	1	270.544	159.319	125.185	154.954	77.605
frame0592.jpg	1	274.514	158.418	123.895	153.979	78.606
frame0593.jpg	1	277.197	157.396	123.193	152.589	79.065
frame0594.jpg	1	280.194	155.296	121.764	151.147	79.416
frame0595.jpg	1	282.205	153.648	120.434	150.408	80.207
frame0596.jpg	1	284.763	151.042	118.523	148.661	80.740
frame0597.jpg	1	286.269	148.599	117.250	147.152	80.764
frame0598.jpg	1	288.106	144.959	115.060	145.996	81.500
frame0599.jpg	1	289.175	141.648	113.579	144.429	81.583
frame0600.jpg	1	290.513	138.408	112.243	143.529	82.313
frame0601.jpg	1	291.367	134.374	110.064	142.262	82.513
frame0602.jpg	1	291.011	130.212	108.312	140.764	82.267
frame0603.jpg	1	289.826	127.252	106.730	139.780	82.062
frame0604.jpg	1	285.819	122.951	105.138	138.395	81.496
frame0605.jpg	1	282.345	120.926	103.976	137.702	81.072
frame0606.jpg	1	276.408	118.283	102.705	137.124	80.011
frame0607.jpg	1	271.228	116.242	101.786	136.716	79.282
frame0608.jpg	1	263.672	113.769	100.719	136.758	78.677
frame0609.jpg	1	255.659	111.549	100.165	136.740	77.656
frame0610.jpg	1	249.478	110.245	99.782	137.166	77.170
frame0611.jpg	1	239.017	108.549	99.347	137.940	75.574
frame0612.jpg	1	232.954	108.099	99.307	138.560	75.109
frame0613.jpg	1	224.713	108.001	99.792	139.496	74.244
frame0614.jpg	1	218.630	108.587	99.819	140.481	73.586
frame0615.jpg	1	212.777	109.474	100.244	141.714	72.854
frame0616.jpg	1	204.867	110.788	101.240	142.998	72.037
frame0617.jpg	1	199.195	111.497	101.666	144.184	71.308
frame0618.jpg	1	191.710	112.309	102.784	146.788	70.816
frame0619.jpg	1	186.439	112.936	103.956	149.091	70.247
frame0620.jpg	1	180.104	114.844	105.471	151.534	69.657
frame0621.jpg	1	178.776	115.589	106.181	152.386	69.462
frame0622.jpg	1	170.557	122.932	111.366	158.913	68.309
frame0623.jpg	1	169.745	125.986	113.191	161.086	67.930
frame0624.jpg	1	170.990	130.451	116.337	163.666	67.928
frame0625.jpg	1	173.603	134.053	118.485	165.267	67.587
frame0626.jpg	1	178.261	138.380	121.162	166.942	67.652
frame0627.jpg	1	182.815	141.777	123.030	167.699	67.734
frame0628.jpg	1	188.854	145.357	125.099	168.683	67.868
frame0629.jpg	1	196.556	148.249	126.609	168.953	68.554
frame0630.jpg	1	203.460	151.030	127.960	168.442	68.751
frame0631.jpg	1	208.870	152.810	128.691	168.030	69.350
frame0632.jpg	1	215.581	154.550	129.430	167.873	70.040
frame0633.jpg	1	221.634	155.192	129.803	167.300	70.663
frame0634.jpg	1	231.463	155.372	129.917	165.957	72.402
frame0635.jpg	1	238.888	154.632	129.239	164.951	73.452
frame0636.jpg	1	248.979	153.194	128.097	162.520	74.831
frame0637.jpg	1	255.308	150.656	126.110	160.639	76.381
frame0638.jpg	1	262.975	144.085	122.301	157.206	77.694
frame0639.jpg	1	267.734	137.053	118.204	154.727	78.995
frame0640.jpg	1	272.835	125.986	113.685	150.968	80.263
frame0641.jpg	1	276.266	118.265	110.292	148.363	80.795
frame0642.jpg	1	280.032	109.365	105.667	144.766	81.686
frame0643.jpg	1	281.902	100.264	101.450	142.222	82.178
frame0644.jpg	1	282.944	87.185	97.129	139.018	82.738
frame0645.jpg	1	283.320	78.490	93.698	136.962	82.777
frame0646.jpg	1	282.433	67.795	90.111	134.477	82.902
frame0647.jpg	1	281.530	60.686	87.716	133.569	83.320
frame0648.jpg	1	279.201	51.926	85.018	132.440	82.943
frame0649.jpg	1	276.749	45.015	83.676	131.775	82.821
frame0650.jpg	1	273.183	38.693	81.914	130.707	82.600
frame0651.jpg	1	270.029	33.932	80.552	130.531	82.512
frame0652.jpg	1	-1.000	-1.000	-1.000	-1.000	-1.000
frame0653.jpg	1	262.413	25.352	78.790	131.405	81.879
frame0654.jpg	1	257.298	21.675	77.781	131.813	81.453
frame0655.jpg	1	254.334	20.077	77.555	131.811	81.150
frame0656.jpg	1	236.059	14.195	75.813	132.622	79.849
frame0657.jpg	1	231.056	13.213	75.782	132.369	79.278
frame0658.jpg	1	225.329	14.888	75.931	132.795	79.089
frame0659.jpg	1	222.115	16.498	76.224	132.841	78.513
frame0660.jpg	1	218.851	19.497	76.853	132.868	78.203
frame0661.jpg	1	216.942	22.292	77.763	132.731	77.871
frame0662.jpg	1	-1.000	-1.000	-1.000	-1.000	-1.000
frame0663.jpg	1	214.937	30.959	79.160	132.432	77.432
frame0664.jpg	1	-1.000	-1.000	-1.000	-1.000	-1.000
frame0665.jpg	1	215.804	41.297	80.923	132.154	76.945
frame0666.jpg	1	215.801	44.326	81.630	131.902	77.361
frame0667.jpg	1	215.121	44.621	81.412	131.279	77.307
frame0668.jpg	1	213.440	43.682	80.619	130.423	76.898
frame0669.jpg	1	211.634	42.132	79.010	129.831	77.132
frame0670.jpg	1	210.898	40.362	77.233	129.173	77.322
frame0671.jpg	1	209.624	35.063	75.580	127.390	76.755
frame0672.jpg	1	207.425	22.651	71.690	125.044	77.789
frame0673.jpg	1	206.650	11.104	67.680	123.641	78.020
frame0674.jpg	1	204.841	-13.148	70.984	126.086	76.940
frame0675.jpg	0	0.000	0.000	0.000	0.000	0.000
frame0676.jpg	0	0.000	0.000	0.000	0.000	0.000
frame0677.jpg	0	0.000	0.000	0.000	0.000	0.000
frame0678.jpg	0	0.000	0.000	0.000	0.000	0.000
frame0679.jpg	0	0.000	0.000	0.000	0.000	0.000
frame0680.jpg	0	0.000	0.000	0.000	0.000	0.000
frame0681.jpg	0	0.000	0.000	0.000	0.000	0.000
frame0682.jpg	0	0.000	0.000	0.000	0.000	0.000
frame0683.jpg	0	0.000	0.000	0.000	0.000	0.000
frame0684.jpg	0	0.000	0.000	0.000	0.000	0.000
frame0685.jpg	0	0.000	0.000	0.000	0.000	0.000
frame0686.jpg	0	0.000	0.000	0.000	0.000	0.000
frame0687.jpg	0	0.000	0.000	0.000	0.000	0.000
frame0688.jpg	0	0.000	0.000	0.000	0.000	0.000
