Filename	HasTarget	TargetCenterX	TargetCenterY	TargetWidth	TargetHeight	TargetAngle
frame0514.jpg	0	0.000	0.000	0.000	0.000	0.000
frame0515.jpg	0	0.000	0.000	0.000	0.000	0.000
frame0516.jpg	0	0.000	0.000	0.000	0.000	0.000
frame0517.jpg	0	0.000	0.000	0.000	0.000	0.000
frame0518.jpg	1	279.179	481.895	252.718	313.726	12.277
frame0519.jpg	1	274.824	454.733	236.791	272.905	19.474
frame0520.jpg	1	271.848	414.408	225.638	249.538	29.014
frame0521.jpg	1	268.296	399.881	222.783	245.457	31.422
frame0522.jpg	1	265.570	362.138	209.913	228.257	50.187
frame0523.jpg	1	263.364	335.176	202.338	221.312	55.823
frame0524.jpg	1	259.858	320.471	194.817	217.212	61.694
frame0525.jpg	1	257.490	303.602	186.771	212.877	66.796
frame0526.jpg	1	256.797	271.080	172.209	206.270	74.547
frame0527.jpg	1	255.210	208.592	163.885	200.013	77.268
frame0528.jpg	1	255.478	188.306	158.262	196.996	77.233
frame0529.jpg	1	256.198	170.788	149.047	194.957	79.383
frame0530.jpg	1	257.612	151.570	141.308	191.781	80.779
frame0531.jpg	1	258.519	132.266	133.371	188.391	81.391
frame0532.jpg	1	259.766	114.024	125.609	184.884	82.271
frame0533.jpg	1	261.802	96.991	118.536	182.430	83.147
frame0534.jpg	1	264.413	81.033	112.620	179.244	83.854
frame0535.jpg	1	267.405	65.173	106.528	177.262	84.699
frame0536.jpg	1	271.910	49.664	100.843	175.270	85.468
frame0537.jpg	1	274.692	34.144	95.073	174.412	86.245
frame0538.jpg	1	278.191	24.919	92.068	173.773	86.750
frame0539.jpg	1	281.771	20.469	90.750	173.093	87.130
frame0540.jpg	1	285.633	21.274	90.438	172.928	87.539
frame0541.jpg	1	290.499	23.451	92.611	173.141	88.016
frame0542.jpg	1	-1.000	-1.000	-1.000	-1.000	-1.000
frame0543.jpg	1	305.023	28.796	94.303	174.576	89.220
frame0544.jpg	1	311.739	30.291	95.210	175.636	89.784
frame0545.jpg	1	319.011	34.444	98.377	177.611	90.595
frame0546.jpg	1	327.474	42.479	103.398	180.814	91.179
frame0547.jpg	1	334.855	55.796	110.178	186.305	91.725
frame0548.jpg	1	342.771	74.759	120.821	190.347	92.959
frame0549.jpg	1	350.286	105.014	135.166	197.577	94.056
frame0550.jpg	1	354.360	123.474	143.946	201.701	95.087
frame0551.jpg	1	359.897	144.343	155.329	206.435	96.668
frame0552.jpg	1	369.154	163.452	165.278	212.197	99.400
frame0553.jpg	1	379.533	180.038	172.823	216.442	102.242
frame0554.jpg	1	394.386	197.969	180.303	222.811	105.801
frame0555.jpg	1	403.290	205.696	183.592	225.671	108.206
frame0556.jpg	1	413.530	211.586	184.793	228.274	110.065
frame0557.jpg	1	424.966	213.632	184.088	229.562	111.260
frame0558.jpg	1	431.557	211.284	181.521	228.320	111.977
frame0559.jpg	1	436.613	206.594	177.406	226.193	111.457
frame0560.jpg	1	440.062	200.975	172.710	224.043	111.721
frame0561.jpg	1	441.173	193.472	168.283	220.001	111.221
frame0562.jpg	1	439.362	184.227	163.205	216.254	109.622
frame0563.jpg	1	434.460	174.099	158.056	211.601	108.621
frame0564.jpg	1	431.028	169.130	155.381	209.235	107.425
frame0565.jpg	1	414.290	153.224	146.724	200.818	103.908
frame0566.jpg	1	402.174	143.885	142.294	195.495	102.007
frame0567.jpg	1	393.515	138.665	136.741	192.100	100.357
frame0568.jpg	1	386.483	133.798	134.228	189.873	99.380
frame0569.jpg	1	371.733	123.787	128.538	185.725	96.827
frame0570.jpg	1	356.391	113.798	123.682	181.343	94.735
frame0571.jpg	1	340.187	104.765	118.481	177.887	92.574
frame0572.jpg	1	315.449	90.971	110.981	173.042	89.686
frame0573.jpg	1	304.183	83.246	107.435	171.069	88.465
frame0574.jpg	1	289.797	74.508	103.935	168.924	86.858
frame0575.jpg	1	274.740	70.511	101.663	167.850	85.496
frame0576.jpg	1	260.144	69.458	101.097	167.284	83.993
frame0577.jpg	1	245.095	72.020	101.623	168.508	82.388
frame0578.jpg	1	231.176	77.087	103.642	170.201	80.855
frame0579.jpg	1	218.389	85.481	106.802	173.160	79.411
frame0580.jpg	1	206.284	95.642	111.072	176.735	77.559
frame0581.jpg	1	194.315	106.743	116.310	181.709	75.827
frame0582.jpg	1	188.417	111.016	119.611	185.092	74.911
frame0583.jpg	1	159.525	151.991	139.618	204.141	69.110
frame0584.jpg	1	146.093	169.905	150.774	215.220	66.185
frame0585.jpg	1	132.339	191.934	161.732	228.558	63.351
frame0586.jpg	1	113.773	225.743	175.990	250.153	58.349
frame0587.jpg	1	-1.000	-1.000	-1.000	-1.000	-1.000
frame0588.jpg	1	75.551	296.595	212.211	309.030	48.427
frame0589.jpg	1	52.165	340.519	232.816	354.797	43.384
frame0590.jpg	1	20.509	405.296	261.528	422.987	39.800
frame0591.jpg	1	-1.000	-1.000	-1.000	-1.000	-1.000
frame0592.jpg	0	0.000	0.000	0.000	0.000	0.000
frame0593.jpg	0	0.000	0.000	0.000	0.000	0.000
frame0594.jpg	0	0.000	0.000	0.000	0.000	0.000
frame0595.jpg	0	0.000	0.000	0.000	0.000	0.000
frame0596.jpg	0	0.000	0.000	0.000	0.000	0.000
frame0597.jpg	0	0.000	0.000	0.000	0.000	0.000
frame0598.jpg	0	0.000	0.000	0.000	0.000	0.000
frame0599.jpg	0	0.000	0.000	0.000	0.000	0.000
frame0600.jpg	0	0.000	0.000	0.000	0.000	0.000
frame0601.jpg	0	0.000	0.000	0.000	0.000	0.000
frame0602.jpg	0	0.000	0.000	0.000	0.000	0.000
frame0603.jpg	0	0.000	0.000	0.000	0.000	0.000
frame0604.jpg	0	0.000	0.000	0.000	0.000	0.000
frame0605.jpg	0	0.000	0.000	0.000	0.000	0.000
frame0606.jpg	0	0.000	0.000	0.000	0.000	0.000
frame0607.jpg	0	0.000	0.000	0.000	0.000	0.000
frame0608.jpg	0	0.000	0.000	0.000	0.000	0.000
frame0609.jpg	0	0.000	0.000	0.000	0.000	0.000
frame0610.jpg	0	0.000	0.000	0.000	0.000	0.000
frame0611.jpg	0	0.000	0.000	0.000	0.000	0.000
frame0612.jpg	0	0.000	0.000	0.000	0.000	0.000
frame0613.jpg	0	0.000	0.000	0.000	0.000	0.000
frame0614.jpg	0	0.000	0.000	0.000	0.000	0.000
frame0615.jpg	0	0.000	0.000	0.000	0.000	0.000
frame0616.jpg	0	0.000	0.000	0.000	0.000	0.000
frame0617.jpg	1	453.304	536.579	322.502	402.347	170.714
frame0618.jpg	1	445.995	469.759	287.853	329.675	159.506
frame0619.jpg	1	437.043	412.457	243.886	270.919	120.647
frame0620.jpg	1	-1.000	-1.000	-1.000	-1.000	-1.000
frame0621.jpg	1	419.239	340.634	248.724	270.692	140.213
frame0622.jpg	1	406.864	244.945	228.037	244.313	112.247
frame0623.jpg	1	398.902	169.862	229.430	239.440	108.390
frame0624.jpg	1	394.525	127.668	235.615	240.071	115.031
frame0625.jpg	1	390.046	116.920	236.338	240.401	139.751
frame0626.jpg	1	384.572	115.946	234.327	238.020	148.180
frame0627.jpg	1	378.499	120.007	233.955	236.257	135.886
frame0628.jpg	1	370.243	127.527	232.501	235.272	168.685
frame0629.jpg	1	362.903	135.976	231.098	234.013	170.786
frame0630.jpg	1	357.972	145.188	230.383	232.341	179.262
frame0631.jpg	1	353.266	152.450	229.384	231.851	176.731
frame0632.jpg	1	349.636	157.913	230.468	231.792	176.993
frame0633.jpg	1	348.701	160.086	232.692	233.909	176.734
frame0634.jpg	1	348.581	164.089	234.908	236.394	12.156
frame0635.jpg	1	344.775	175.754	235.004	240.385	11.537
frame0636.jpg	1	337.422	194.656	233.843	239.953	15.170
frame0637.jpg	1	331.313	212.736	233.466	238.784	16.193
frame0638.jpg	1	327.032	209.222	233.121	237.107	30.219
frame0639.jpg	1	325.121	221.122	233.546	238.561	19.034
frame0640.jpg	1	327.132	233.361	234.809	239.482	19.987
frame0641.jpg	1	330.608	241.359	235.631	239.271	26.826
frame0642.jpg	1	336.895	247.565	237.150	240.138	32.350
frame0643.jpg	1	353.161	245.456	240.406	242.628	28.236
frame0644.jpg	1	362.785	241.589	240.715	243.937	20.348
frame0645.jpg	1	373.275	236.671	242.845	245.325	24.463
frame0646.jpg	1	385.193	226.088	245.440	248.363	25.687
frame0647.jpg	1	394.968	214.343	246.931	251.581	14.403
frame0648.jpg	1	395.397	204.442	248.246	252.854	27.670
frame0649.jpg	1	389.677	195.355	250.638	255.326	23.158
frame0650.jpg	1	384.286	185.972	252.807	257.182	15.101
frame0651.jpg	1	380.048	175.675	258.103	260.254	24.715
frame0652.jpg	1	371.165	165.700	260.898	265.325	34.952
frame0653.jpg	1	355.338	153.963	264.992	269.913	35.384
frame0654.jpg	1	335.079	140.770	268.463	272.674	44.710
frame0655.jpg	1	315.626	126.458	269.690	274.567	52.790
frame0656.jpg	1	-1.000	-1.000	-1.000	-1.000	-1.000
frame0657.jpg	1	283.705	93.982	278.356	284.782	57.090
frame0658.jpg	1	268.730	74.026	281.346	289.017	61.491
